1998 4 20288 1089 5938 13831
1999 1 22047 1492 6925 23271
1999 2 14362 1450 4353 9756
1999 3 15775 1551 6855 7899
1999 4 21209 2020 6216 15778
2000 1 25261 2364 7061 25362
2000 2 15891 2541 4417 11618
2000 3 17117 2729 7505 8553
2000 4 22761 3292 6778 17512
2001 1 27539 3771 8169 29409
2001 2 17867 3529 5290 12008
2001 3 19460 4542 7710 9611
2001 4 23603 5674 6213 18316
2002 1 28197 6910 7952 34025
2002 2 17807 7734 5476 14763
2002 3 19420 8716 7990 11494
2002 4 24955 8928 7747 21094
2003 1 30426 9432 8908 36605
2003 2 19857 7314 5369 17073
2003 3 20960 6354 7794 13392
2003 4 28140 5880 7543 23566
2004 1 35468 5528 8533 40104
2004 2 23361 4519 5564 18008
2004 3 24367 4601 6997 13533
2004 4 29689 4766 6678 23879
2005 1 37330 4884 7730 41352
2005 2 22458 4117 4790 18906
2005 3 23878 4239 6027 15460
2005 4 29919 4626 5877 23830
2006 1 37291 5071 7413 42281
2006 2 24032 4422 4459 18743
2006 3 24942 4360 5966 13084
2006 4 32850 4796 5305 24059
2007 1 37850 5331 6238 43611
2007 2 23846 4473 3689 17097
2007 3 26384 4677 5146 11683
2007 4 33016 5072 4799 22492
2008 1 41378 5536 6044 43604
2008 2 24400 4321 3695 17534
2008 3 26825 4389 4795 11827
2008 4 33855 5003 4147 21274
2009 1 39344 6129 5254 37951
2009 2 25402 4742 2679 15028
2009 3 29355 4740 3428 10144
2009 4 36848 6140 3635 21083
2010 1 43797 7271 5391 37139
2010 2 26320 5597 3142 13047
2010 3 30642 5811 3986 8844
2010 4 37501 7266 3807 18189
2011 1 43260 8120 4732 32693
2011 2 25213 5705 2513 11568
2011 3 29521 6414 3834 9795
2011 4 37552 7767 3133 19498
2012 1 41987 9782 4405 29694
